9961498451080298818169728249433222030914980129654055269747479664984596676609
9961498451080298818169728249433222030914980129654055269747480380766666358785
9961498451080298818169728249433222030914980129654055269747478932709852577793
9961498451080298818169728249433222030914980129654055269747473832075411324929
9961498451080298818169728249433222030914980129654055269747473834274434580481
9961498451080298818169728249433222030914980129654055269747477042649364430849
9961498451080298818169728249433222030914980129654055269747478922814247927809
9961498451080298818169728249433222030914980129654055269747479699069457137665
9961498451080298818169728249433222030914980129654055269747482550103107960833
9961498451080298818169728249433222030914980129654055269747482552302131216385
9961498451080298818169728249433222030914980129654055269747482603979177721857
9961498451080298818169728249433222030914980129654055269747483970672131047425
9961498451080298818169728249433222030914980129654055269747475338406341378049
9961498451080298818169728249433222030914980129654055269747477139406387675137
9961498451080298818169728249433222030914980129654055269747477857387480612865
